0 0.14765625 0.15 0.2953125 0.3
0 0.7796875 0.209375 0.440625 0.18125
0 0.35390625 0.67109375 0.4109375 0.5359375
0 0.078125 0.74765625 0.15625 0.5046875
0 0.1296875 0.46328125 0.259375 0.3265625
0 0.83203125 0.8890625 0.1375 0.2046875
0 0.6796875 0.8015625 0.10625 0.14921875
0 0.65703125 0.61875 0.11875 0.153125
0 0.5828125 0.35 0.046875 0.1
0 0.56796875 0.4734375 0.0171875 0.096875
0 0.64296875 0.49765625 0.0546875 0.0671875
0 0.5921875 0.94375 0.065625 0.1125
0 0.571875 0.57421875 0.025 0.0703125