0 0.325 0.31171875 0.65 0.2765625
0 0.975 0.05390625 0.05 0.1078125
0 0.85703125 0.3578125 0.1234375 0.184375
0 0.834375 0.03203125 0.11875 0.0640625
0 0.7484375 0.36796875 0.115625 0.1640625
0 0.94296875 0.37890625 0.0828125 0.1421875
0 0.79140625 0.11015625 0.103125 0.10703125
0 0.7515625 0.1984375 0.0734375 0.1703125
0 0.97890625 0.16171875 0.0421875 0.1484375
0 0.8890625 0.08515625 0.09375 0.1703125
0 0.67109375 0.159375 0.0421875 0.140625
0 0.32734375 0.725 0.6453125 0.55
0 0.80859375 0.75078125 0.3171875 0.4984375