0 0.22734375 0.178125 0.4546875 0.35625
0 0.7296875 0.14453125 0.421875 0.2890625
0 0.41171875 0.9375 0.1703125 0.125
0 0.209375 0.9375 0.175 0.125
0 0.20546875 0.55078125 0.18203125 0.2109375
0 0.0453125 0.6375 0.090625 0.26875
0 0.31171875 0.66875 0.11640625 0.109375
0 0.41875 0.6765625 0.134375 0.19140625
0 0.1625 0.753125 0.17421875 0.19140625
0 0.475 0.85625 0.0875 0.146875
0 0.31015625 0.83359375 0.178125 0.20078125
0 0.04609375 0.8703125 0.0921875 0.196875
0 0.759375 0.69453125 0.48125 0.6109375