0 0.4171875 0.11015625 0.18125 0.2203125
0 0.48828125 0.1578125 0.0609375 0.13125
0 0.934375 0.24296875 0.13125 0.2359375
0 0.86953125 0.06484375 0.1921875 0.1296875
0 0.90390625 0.3515625 0.1921875 0.209375
0 0.55078125 0.04296875 0.0640625 0.0859375
0 0.65546875 0.1703125 0.0921875 0.11171875
0 0.54453125 0.31640625 0.0515625 0.1015625
0 0.38984375 0.728125 0.0703125 0.09921875
0 0.0671875 0.59140625 0.134375 0.0828125
0 0.484375 0.796875 0.06875 0.29375
0 0.3796875 0.88046875 0.05859375 0.08984375
0 0.34140625 0.621875 0.1984375 0.14375
0 0.34375 0.9640625 0.20625 0.071875
0 0.8203125 0.775 0.359375 0.45