0 0.23125 0.153125 0.1 0.13515625
0 0.52578125 0.278125 0.0921875 0.15625
0 0.5078125 0.37578125 0.053125 0.06484375
0 0.59453125 0.45703125 0.0921875 0.11484375
0 0.69453125 0.36953125 0.1109375 0.15625
0 0.6578125 0.203125 0.1 0.13984375
0 0.771875 0.6125 0.128125 0.17109375
0 0.675 0.74453125 0.10625 0.14765625
0 0.86796875 0.94296875 0.0984375 0.11015625
0 0.29453125 0.84453125 0.0890625 0.11484375
0 0.3515625 0.75625 0.075 0.10390625
0 0.35859375 0.87578125 0.0578125 0.13125
0 0.25625 0.60625 0.075 0.1
0 0.109375 0.36796875 0.05 0.06875
0 0.35859375 0.0625 0.0515625 0.125