0 0.08828125 0.28359375 0.0640625 0.1109375
0 0.6546875 0.19296875 0.690625 0.2921875
0 0.24140625 0.91796875 0.1234375 0.1640625
0 0.15546875 0.503125 0.08203125 0.1265625
0 0.2609375 0.62578125 0.096875 0.2859375
0 0.09921875 0.890625 0.1703125 0.21875
0 0.11640625 0.7046875 0.13046875 0.175
0 0.809375 0.72421875 0.32734375 0.2421875
0 0.5359375 0.6375 0.32421875 0.2359375
0 0.34453125 0.56328125 0.0703125 0.2015625
0 0.834375 0.3953125 0.33125 0.1125
0 0.43359375 0.89375 0.2484375 0.2125
0 0.70234375 0.94375 0.3078125 0.1125