0 0.64453125 0.16796875 0.7109375 0.3359375
0 0.12109375 0.84375 0.2078125 0.3125
0 0.25078125 0.78828125 0.0765625 0.2515625
0 0.3421875 0.46171875 0.10625 0.1234375
0 0.559375 0.525 0.2421875 0.1640625
0 0.9046875 0.57109375 0.190625 0.1734375
0 0.70859375 0.6625 0.21328125 0.15390625
0 0.6453125 0.821875 0.2421875 0.18515625
0 0.40234375 0.85078125 0.2265625 0.1609375
0 0.37265625 0.590625 0.1671875 0.178125
0 0.33046875 0.74765625 0.0828125 0.1703125
0 0.44609375 0.97109375 0.2515625 0.0578125
0 0.678125 0.95390625 0.215625 0.0921875
0 0.90390625 0.94140625 0.1921875 0.1171875
0 0.82734375 0.8046875 0.2109375 0.171875
0 0.7859375 0.42734375 0.203125 0.0546875
0 0.490625 0.7125 0.18984375 0.13828125