0 0.3 0.1953125 0.11875 0.265625
0 0.18828125 0.2234375 0.1109375 0.18984375
0 0.56171875 0.17734375 0.16796875 0.21953125
0 0.75078125 0.27265625 0.1703125 0.21015625
0 0.6875 0.07578125 0.140625 0.1515625
0 0.55078125 0.42734375 0.15 0.18046875
0 0.69375 0.48359375 0.140625 0.1328125
0 0.8578125 0.48515625 0.1125 0.1296875
0 0.7625 0.490625 0.065625 0.11875
0 0.9796875 0.453125 0.040625 0.19375
0 0.2734375 0.7609375 0.171875 0.421875
0 0.10390625 0.8609375 0.2078125 0.278125
0 0.20078125 0.5859375 0.2140625 0.071875
0 0.69609375 0.775 0.6078125 0.45