0 0.1609375 0.18828125 0.06796875 0.140625
0 0.0875 0.23828125 0.075 0.125
0 0.29765625 0.18203125 0.05859375 0.1484375
0 0.3828125 0.24609375 0.04296875 0.09375
0 0.26875 0.2421875 0.0546875 0.08046875
0 0.01171875 0.175 0.0234375 0.15
0 0.8 0.16484375 0.4 0.3296875
0 0.2609375 0.68359375 0.19765625 0.1953125
0 0.28671875 0.5234375 0.22578125 0.21640625
0 0.08515625 0.73984375 0.1703125 0.2171875
0 0.4921875 0.540625 0.20703125 0.2203125
0 0.6453125 0.49296875 0.090625 0.3265625
0 0.66484375 0.82890625 0.1296875 0.2015625
0 0.7125 0.70078125 0.1671875 0.2515625
0 0.9015625 0.746875 0.196875 0.3125
0 0.778125 0.51015625 0.21796875 0.21875
0 0.9359375 0.4328125 0.128125 0.196875
0 0.9015625 0.5609375 0.196875 0.225