0 0.5453125 0.14921875 0.13125 0.2984375
0 0.63203125 0.278125 0.1671875 0.121875
0 0.86171875 0.2859375 0.2765625 0.10625
0 0.6984375 0.15234375 0.21796875 0.21875
0 0.89375 0.08671875 0.203125 0.1734375
0 0.8578125 0.20390625 0.26875 0.22421875
0 0.01328125 0.58125 0.0265625 0.1
0 0.30078125 0.7265625 0.08125 0.13828125
0 0.20078125 0.48828125 0.0578125 0.09375
0 0.37890625 0.88515625 0.10625 0.18984375
0 0.4625 0.88671875 0.034375 0.2265625
0 0.31796875 0.93671875 0.0890625 0.1265625
0 0.07578125 0.6625 0.04296875 0.13515625
0 0.73984375 0.66953125 0.5203125 0.6609375