0 0.4296875 0.328125 0.240625 0.40625
0 0.571875 0.25390625 0.075 0.5078125
0 0.9609375 0.078125 0.078125 0.15625
0 0.96640625 0.48671875 0.0671875 0.2046875
0 0.7421875 0.1625 0.11015625 0.2015625
0 0.63203125 0.5046875 0.0453125 0.16875
0 0.8953125 0.51640625 0.09375 0.1453125
0 0.67890625 0.52578125 0.0828125 0.1265625
0 0.82421875 0.4 0.13515625 0.2078125
0 0.8265625 0.2015625 0.12109375 0.20703125
0 0.74375 0.3171875 0.1 0.1484375
0 0.640625 0.23203125 0.0625 0.1859375
0 0.284375 0.7015625 0.190625 0.225
0 0.11953125 0.79453125 0.2390625 0.4109375
0 0.5390625 0.77109375 0.140625 0.3203125
0 0.74765625 0.7921875 0.2765625 0.40625