0 0.43125 0.478125 0.196875 0.14375
0 0.684375 0.51953125 0.140625 0.0609375
0 0.8765625 0.0359375 0.11875 0.071875
0 0.89140625 0.403125 0.1265625 0.2046875
0 0.63671875 0.0890625 0.1109375 0.178125
0 0.790625 0.4546875 0.09375 0.190625
0 0.57421875 0.4640625 0.0828125 0.171875
0 0.91953125 0.50234375 0.1234375 0.0953125
0 0.71953125 0.315625 0.13515625 0.2078125
0 0.721875 0.1171875 0.12109375 0.20703125
0 0.6390625 0.2328125 0.1 0.1484375
0 0.5484375 0.14765625 0.0375 0.1859375
0 0.30078125 0.68671875 0.4578125 0.2734375
0 0.06171875 0.69140625 0.1234375 0.2828125
0 0.30390625 0.8921875 0.3921875 0.215625
0 0.7453125 0.775 0.328125 0.45
0 0.6390625 0.9359375 0.21875 0.128125
0 0.93515625 0.6671875 0.1296875 0.234375