0 0.15 0.50234375 0.09140625 0.15078125
0 0.0203125 0.78515625 0.040625 0.1171875
0 0.41953125 0.6640625 0.084375 0.15625
0 0.35703125 0.61171875 0.06796875 0.15625
0 0.49140625 0.56796875 0.071875 0.09921875
0 0.76171875 0.0546875 0.0734375 0.109375
0 0.9671875 0.09921875 0.06484375 0.12734375
0 0.80078125 0.7125 0.08125 0.13828125
0 0.70078125 0.47421875 0.0578125 0.09375
0 0.3609375 0.9640625 0.08125 0.071875
0 0.87890625 0.87109375 0.10625 0.18984375
0 0.97265625 0.8796875 0.0546875 0.240625
0 0.81796875 0.9296875 0.0890625 0.140625
0 0.57578125 0.6484375 0.04296875 0.13515625
0 0.45 0.96875 0.0578125 0.0625