0 0.09921875 0.07109375 0.05859375 0.13828125
0 0.11015625 0.31875 0.07109375 0.09609375
0 0.19375 0.15703125 0.04453125 0.08046875
0 0.7609375 0.378125 0.1625 0.1625
0 0.92734375 0.0765625 0.1109375 0.153125
0 0.26484375 0.7328125 0.5296875 0.534375
0 0.8453125 0.6953125 0.1578125 0.10859375
0 0.5703125 0.7046875 0.08125 0.1125
0 0.66875 0.86328125 0.14453125 0.1109375
0 0.859375 0.90390625 0.175 0.09296875
0 0.67890625 0.52578125 0.134375 0.03125
0 0.8765625 0.5515625 0.16015625 0.1078125
0 0.65546875 0.6109375 0.16015625 0.09296875
0 0.9421875 0.640625 0.115625 0.115625
0 0.62734375 0.95859375 0.1359375 0.0828125
0 0.56328125 0.89609375 0.0671875 0.0765625