0 0.17109375 0.18203125 0.0734375 0.15078125
0 0.0875 0.2359375 0.075 0.15859375
0 0.02109375 0.16953125 0.0421875 0.1421875
0 0.31640625 0.18359375 0.05859375 0.13828125
0 0.32734375 0.43125 0.07109375 0.09609375
0 0.4109375 0.26953125 0.04453125 0.08046875
0 0.0546875 0.55234375 0.0515625 0.078125
0 0.11796875 0.640625 0.0484375 0.0375
0 0.165625 0.6484375 0.040625 0.021875
0 0.7640625 0.26796875 0.471875 0.5359375
0 0.2765625 0.8296875 0.465625 0.340625
0 0.7546875 0.8296875 0.490625 0.340625