0 0.05234375 0.27421875 0.1046875 0.2515625
0 0.20390625 0.3171875 0.2046875 0.165625
0 0.325 0.33046875 0.165625 0.1390625
0 0.35234375 0.2171875 0.1546875 0.146875
0 0.76953125 0.2953125 0.4609375 0.209375
0 0.36015625 0.7515625 0.1171875 0.09375
0 0.11953125 0.8640625 0.12890625 0.0984375
0 0.25703125 0.86875 0.1421875 0.0953125
0 0.35625 0.61328125 0.09609375 0.08828125
0 0.26328125 0.6578125 0.0890625 0.09140625
0 0.4734375 0.41796875 0.103125 0.0359375
0 0.009375 0.87578125 0.01875 0.0703125
0 0.76953125 0.7 0.4609375 0.6