0 0.13671875 0.4296875 0.2484375 0.240625
0 0.46484375 0.3078125 0.2671875 0.484375
0 0.4 0.5109375 0.23125 0.078125
0 0.8296875 0.428125 0.340625 0.24375
0 0.54453125 0.5796875 0.2296875 0.059375
0 0.6265625 0.66484375 0.065625 0.1546875
0 0.5875 0.82421875 0.14375 0.1859375
0 0.378125 0.8546875 0.26015625 0.16171875
0 0.0859375 0.6859375 0.171875 0.20625
0 0.31640625 0.61640625 0.2640625 0.1328125
0 0.253125 0.7515625 0.22421875 0.16953125
0 0.1875 0.92265625 0.209375 0.1546875
0 0.43828125 0.97265625 0.2515625 0.0546875
0 0.6109375 0.95546875 0.096875 0.0890625
0 0.4828125 0.715625 0.18984375 0.13828125
0 0.8296875 0.775 0.340625 0.45