0 0.0234375 0.3953125 0.046875 0.321875
0 0.10234375 0.5625 0.2046875 0.134375
0 0.06171875 0.2828125 0.1234375 0.334375
0 0.2234375 0.3484375 0.20390625 0.29375
0 0.34453125 0.32265625 0.165625 0.18671875
0 0.37109375 0.184375 0.1546875 0.146875
0 0.734375 0.31484375 0.53125 0.6296875
0 0.41015625 0.81484375 0.1171875 0.3703125
0 0.90234375 0.90859375 0.1953125 0.1828125
0 0.82734375 0.865625 0.2109375 0.26875
0 0.67421875 0.825 0.21328125 0.334375
0 0.6140625 0.9671875 0.209375 0.065625
0 0.49609375 0.91484375 0.0546875 0.1703125