0 0.27265625 0.234375 0.2546875 0.46875
0 0.64375 0.2375 0.30625 0.4625
0 0.596875 0.03046875 0.084375 0.0609375
0 0.02265625 0.60234375 0.0453125 0.2109375
0 0.19921875 0.7203125 0.15390625 0.20703125
0 0.01953125 0.7890625 0.0390625 0.165625
0 0.13984375 0.5828125 0.11171875 0.1640625
0 0.04453125 0.5953125 0.06484375 0.16640625
0 0.3203125 0.5515625 0.159375 0.165625
0 0.35546875 0.8546875 0.0890625 0.178125
0 0.240625 0.8375 0.13984375 0.16953125
0 0.59765625 0.81015625 0.3953125 0.3796875
0 0.63515625 0.5453125 0.3453125 0.153125