0 0.58984375 0.21328125 0.17421875 0.22421875
0 0.22578125 0.278125 0.1515625 0.22421875
0 0.3875 0.3125 0.203125 0.2125
0 0.58046875 0.35546875 0.1734375 0.1265625
0 0.54140625 0.03671875 0.1734375 0.0734375
0 0.3 0.07265625 0.184375 0.1453125
0 0.659375 0.07890625 0.11875 0.1578125
0 0.3703125 0.096875 0.203125 0.19375
0 0.1203125 0.11953125 0.18125 0.2390625
0 0.90078125 0.2515625 0.1984375 0.334375
0 0.30625 0.51796875 0.321875 0.1984375
0 0.325 0.77734375 0.3140625 0.2359375
0 0.5703125 0.5109375 0.28125 0.184375
0 0.66328125 0.89609375 0.1109375 0.1109375
0 0.77734375 0.740625 0.1171875 0.315625
0 0.93515625 0.80625 0.1296875 0.315625