0 0.221875 0.32265625 0.2 0.2140625
0 0.471875 0.36875 0.25 0.121875
0 0.41953125 0.29453125 0.21796875 0.24609375
0 0.2125 0.16640625 0.19609375 0.2078125
0 0.4265625 0.1078125 0.203125 0.215625
0 0.94765625 0.36484375 0.1015625 0.1296875
0 0.81328125 0.35703125 0.2078125 0.1453125
0 0.84453125 0.13359375 0.1578125 0.2671875
0 0.30546875 0.534375 0.2671875 0.209375
0 0.54609375 0.50859375 0.1859375 0.1578125
0 0.51640625 0.759375 0.2453125 0.31875
0 0.3609375 0.934375 0.21875 0.13125
0 0.76640625 0.86875 0.1984375 0.2625
0 0.8421875 0.56953125 0.1609375 0.16953125
0 0.89375 0.95390625 0.2125 0.0921875