0 0.8171875 0.65546875 0.17109375 0.21953125
0 0.61484375 0.65859375 0.17421875 0.22421875
0 0.25078125 0.7234375 0.1515625 0.22421875
0 0.4125 0.771875 0.203125 0.2390625
0 0.60625 0.8109375 0.1734375 0.1453125
0 0.61015625 0.22109375 0.18203125 0.2109375
0 0.4109375 0.30859375 0.16875 0.26875
0 0.71640625 0.3390625 0.11640625 0.109375
0 0.8234375 0.346875 0.134375 0.19140625
0 0.5671875 0.4234375 0.17421875 0.19140625
0 0.325 0.47421875 0.184375 0.234375
0 0.89296875 0.52734375 0.1125 0.14765625
0 0.71484375 0.50390625 0.178125 0.20078125
0 0.39609375 0.540625 0.20390625 0.196875
0 0.1453125 0.54921875 0.18125 0.27265625