0 0.1109375 0.1625 0.221875 0.253125
0 0.6 0.15703125 0.31875 0.2640625
0 0.9234375 0.0734375 0.153125 0.146875
0 0.821875 0.21171875 0.125 0.1546875
0 0.1453125 0.32734375 0.16875 0.0765625
0 0.33515625 0.37265625 0.1703125 0.1671875
0 0.13515625 0.50703125 0.15 0.18046875
0 0.27890625 0.603125 0.140625 0.2109375
0 0.021875 0.82109375 0.04375 0.2171875
0 0.50234375 0.7203125 0.15390625 0.20703125
0 0.2734375 0.7890625 0.13828125 0.165625
0 0.44296875 0.5828125 0.11171875 0.1640625
0 0.34765625 0.5953125 0.06484375 0.16640625
0 0.625 0.5359375 0.1625 0.1984375
0 0.68125 0.85546875 0.13359375 0.178125
0 0.54375 0.8375 0.13984375 0.16953125
0 0.8796875 0.76875 0.240625 0.4625