0 0.19921875 0.2578125 0.2296875 0.121875
0 0.32734375 0.303125 0.2453125 0.03125
0 0.43203125 0.2421875 0.2359375 0.15
0 0.6765625 0.10234375 0.196875 0.2046875
0 0.32265625 0.659375 0.4546875 0.68125
0 0.04765625 0.46328125 0.0953125 0.2890625
0 0.59375 0.68125 0.0875 0.109375
0 0.7171875 0.6890625 0.15078125 0.11015625
0 0.8390625 0.56015625 0.134375 0.10390625
0 0.8359375 0.4078125 0.1078125 0.09921875
0 0.86796875 0.3453125 0.0609375 0.053125
0 0.728125 0.46484375 0.0875 0.07578125
0 0.74609375 0.425 0.05703125 0.04921875
0 0.8796875 0.45 0.06484375 0.0625
0 0.584375 0.91484375 0.06875 0.1109375