0 0.07421875 0.1203125 0.1484375 0.240625
0 0.328125 0.03359375 0.215625 0.0671875
0 0.39921875 0.265625 0.20546875 0.21875
0 0.35625 0.478125 0.159375 0.08125
0 0.47890625 0.42265625 0.1015625 0.1921875
0 0.65078125 0.3984375 0.11171875 0.13828125
0 0.72421875 0.4265625 0.1078125 0.184375
0 0.825 0.35390625 0.11328125 0.1484375
0 0.934375 0.434375 0.084375 0.16875
0 0.40859375 0.58046875 0.1703125 0.1234375
0 0.20859375 0.69296875 0.15 0.18046875
0 0.35234375 0.7890625 0.140625 0.2109375
0 0.05859375 0.94921875 0.1171875 0.1015625
0 0.34609375 0.94609375 0.1390625 0.1078125
0 0.01171875 0.60078125 0.0234375 0.1640625
0 0.49453125 0.76796875 0.0703125 0.1640625
0 0.42109375 0.78125 0.06484375 0.16640625
0 0.79296875 0.759375 0.4140625 0.48125