0 0.09140625 0.225 0.1828125 0.35
0 0.2703125 0.16015625 0.196875 0.3203125
0 0.2421875 0.29765625 0.196875 0.2046875
0 0.5984375 0.2 0.459375 0.4
0 0.846875 0.30234375 0.30625 0.1953125
0 0.08828125 0.546875 0.1640625 0.221875
0 0.28125 0.640625 0.16953125 0.20859375
0 0.20703125 0.46015625 0.1515625 0.1203125
0 0.215625 0.8875 0.15625 0.20078125
0 0.08203125 0.79296875 0.15234375 0.1765625
0 0.28203125 0.87109375 0.08125 0.165625
0 0.83984375 0.82890625 0.3203125 0.3421875
0 0.5515625 0.6890625 0.365625 0.578125