0 0.2 0.27109375 0.4 0.5421875
0 0.53359375 0.25703125 0.134375 0.2421875
0 0.66796875 0.0453125 0.1234375 0.090625
0 0.653125 0.1609375 0.134375 0.16796875
0 0.47890625 0.06328125 0.1046875 0.1265625
0 0.51171875 0.459375 0.13125 0.21484375
0 0.4328125 0.44375 0.065625 0.203125
0 0.81953125 0.5359375 0.1328125 0.10625
0 0.64921875 0.3609375 0.11015625 0.2140625
0 0.740625 0.38046875 0.08671875 0.19375
0 0.95234375 0.34609375 0.0953125 0.1953125
0 0.8640625 0.2984375 0.07265625 0.10390625
0 0.69921875 0.54609375 0.0828125 0.0859375
0 0.2296875 0.77890625 0.340625 0.3796875
0 0.76796875 0.71015625 0.2359375 0.2421875
0 0.95546875 0.6640625 0.0890625 0.15
0 0.68359375 0.8484375 0.184375 0.24296875
0 0.88359375 0.82734375 0.184375 0.28984375
0 0.42109375 0.8703125 0.0421875 0.075
0 0.46328125 0.8109375 0.05625 0.05078125
0 0.64921875 0.62578125 0.1140625 0.0734375