0 0.0546875 0.24921875 0.109375 0.2609375
0 0.0734375 0.46796875 0.146875 0.1421875
0 0.43828125 0.19296875 0.16796875 0.21953125
0 0.62734375 0.28828125 0.1703125 0.21015625
0 0.5640625 0.08359375 0.140625 0.1671875
0 0.42734375 0.44296875 0.15 0.18046875
0 0.5703125 0.4859375 0.140625 0.10625
0 0.734375 0.4875 0.1125 0.103125
0 0.6390625 0.49296875 0.065625 0.0921875
0 0.9171875 0.45546875 0.1625 0.1671875
0 0.95234375 0.08984375 0.0953125 0.1796875
0 0.078125 0.9640625 0.15625 0.071875
0 0.63984375 0.73359375 0.7203125 0.3890625