0 0.27890625 0.15390625 0.17421875 0.203125
0 0.58984375 0.1578125 0.0578125 0.209375
0 0.51953125 0.48359375 0.1421875 0.1109375
0 0.3828125 0.49296875 0.1375 0.0921875
0 0.128125 0.22578125 0.171875 0.2109375
0 0.09140625 0.51953125 0.1453125 0.0390625
0 0.809375 0.26953125 0.38125 0.5390625
0 0.49765625 0.628125 0.2421875 0.178125
0 0.36953125 0.76796875 0.203125 0.25234375
0 0.3109375 0.94140625 0.228125 0.1171875
0 0.5265625 0.9015625 0.184375 0.196875
0 0.70078125 0.82890625 0.1640625 0.3421875