0 0.08671875 0.18125 0.1734375 0.3625
0 0.26328125 0.42890625 0.3046875 0.1609375
0 0.253125 0.175 0.240625 0.35
0 0.89453125 0.07421875 0.2109375 0.1484375
0 0.85078125 0.35 0.2984375 0.21875
0 0.84921875 0.45390625 0.2828125 0.1109375
0 0.096875 0.9546875 0.05625 0.090625
0 0.1875 0.95234375 0.053125 0.0953125
0 0.16953125 0.64765625 0.0734375 0.140625
0 0.22890625 0.58125 0.06484375 0.07578125
0 0.10625 0.625 0.0734375 0.10703125
0 0.04453125 0.93125 0.053125 0.11484375
0 0.3046875 0.6328125 0.0515625 0.1015625
0 0.71953125 0.74765625 0.5609375 0.4765625