0 0.175 0.45234375 0.35 0.1953125
0 0.53046875 0.21640625 0.134375 0.2421875
0 0.66484375 0.025 0.1234375 0.05
0 0.65 0.1203125 0.134375 0.16796875
0 0.47578125 0.04296875 0.1046875 0.0859375
0 0.50859375 0.41875 0.13125 0.21484375
0 0.41015625 0.40390625 0.10546875 0.20390625
0 0.81640625 0.49609375 0.1328125 0.1078125
0 0.64609375 0.3203125 0.11015625 0.2140625
0 0.7375 0.33984375 0.08671875 0.19375
0 0.95078125 0.30546875 0.0984375 0.1953125
0 0.8609375 0.2578125 0.07265625 0.10390625
0 0.69609375 0.50625 0.0828125 0.0875
0 0.175 0.775 0.35 0.45
0 0.64609375 0.7828125 0.5921875 0.434375