0 0.13828125 0.178125 0.2765625 0.35625
0 0.38203125 0.1234375 0.2953125 0.246875
0 0.38984375 0.28984375 0.2796875 0.2859375
0 0.571875 0.4015625 0.084375 0.15625
0 0.93828125 0.09375 0.1234375 0.1875
0 0.7765625 0.25546875 0.2328125 0.23984375
0 0.04921875 0.68359375 0.0984375 0.1109375
0 0.1453125 0.55546875 0.134375 0.10390625
0 0.0390625 0.48828125 0.078125 0.0171875
0 0.40546875 0.5921875 0.14375 0.10859375
0 0.55 0.6890625 0.040625 0.11875
0 0.9765625 0.74609375 0.046875 0.1328125
0 0.58671875 0.90546875 0.0953125 0.171875
0 0.771875 0.50078125 0.078125 0.0421875
0 0.69453125 0.515625 0.0484375 0.071875
0 0.571875 0.60625 0.084375 0.18125