0 0.259375 0.11328125 0.51875 0.2265625
0 0.521875 0.15 0.275 0.3
0 0.2 0.2078125 0.4 0.184375
0 0.90078125 0.03515625 0.1984375 0.0703125
0 0.375 0.696875 0.56875 0.60625
0 0.70546875 0.69921875 0.0921875 0.1234375
0 0.759375 0.546875 0.10234375 0.115625
0 0.7578125 0.3953125 0.09375 0.125
0 0.82734375 0.390625 0.05859375 0.1140625
0 0.67578125 0.94609375 0.0328125 0.1078125
0 0.69375 0.8265625 0.06875 0.10625
0 0.88203125 0.6890625 0.0921875 0.11171875
0 0.7609375 0.83515625 0.0734375 0.1015625
0 0.9546875 0.33046875 0.090625 0.0609375
0 0.86875 0.3140625 0.0828125 0.02734375