0 0.37265625 0.40859375 0.25234375 0.2421875
0 0.33203125 0.68359375 0.30703125 0.28359375
0 0.8578125 0.78125 0.284375 0.35625
0 0.6265625 0.60390625 0.2734375 0.26015625
0 0.58203125 0.83828125 0.31484375 0.25546875
0 0.86953125 0.44296875 0.25234375 0.2421875
0 0.853125 0.2359375 0.23203125 0.1953125
0 0.546875 0.29375 0.1953125 0.20859375
0 0.1640625 0.296875 0.203125 0.20859375
0 0.08828125 0.57890625 0.1765625 0.2890625
0 0.43515625 0.15390625 0.21875 0.1875
0 0.24765625 0.08828125 0.17734375 0.171875
0 0.61484375 0.0796875 0.2265625 0.15859375