0 0.21328125 0.4046875 0.3734375 0.809375
0 0.43046875 0.06484375 0.0609375 0.1296875
0 0.74765625 0.19765625 0.16171875 0.1953125
0 0.78984375 0.03203125 0.1390625 0.0640625
0 0.92109375 0.0953125 0.1546875 0.190625
0 0.48671875 0.39765625 0.13984375 0.19609375
0 0.62421875 0.56796875 0.140625 0.2078125
0 0.46640625 0.71328125 0.13046875 0.17578125
0 0.5984375 0.6828125 0.13515625 0.165625
0 0.846875 0.60859375 0.12734375 0.1703125
0 0.8203125 0.4328125 0.16640625 0.20390625
0 0.66171875 0.43359375 0.13671875 0.1734375
0 0.9421875 0.32265625 0.115625 0.1703125
0 0.22890625 0.9046875 0.3421875 0.190625
0 0.7609375 0.8609375 0.18125 0.103125
0 0.84296875 0.8625 0.0828125 0.10625