0 0.37265625 0.32265625 0.1921875 0.4921875
0 0.12109375 0.33046875 0.2421875 0.4765625
0 0.21015625 0.1125 0.3609375 0.225
0 0.63046875 0.14140625 0.134375 0.2421875
0 0.75 0.0640625 0.134375 0.128125
0 0.60859375 0.34375 0.13125 0.21484375
0 0.515625 0.328125 0.09375 0.203125
0 0.91640625 0.46796875 0.1328125 0.2015625
0 0.74609375 0.2453125 0.11015625 0.2140625
0 0.8375 0.26484375 0.08671875 0.19375
0 0.9609375 0.1828125 0.07265625 0.10390625
0 0.796875 0.46015625 0.08359375 0.14375
0 0.234375 0.85625 0.46875 0.2875
0 0.734375 0.784375 0.53125 0.43125