0 0.11328125 0.39453125 0.2265625 0.4359375
0 0.25 0.31640625 0.178125 0.4484375
0 0.8375 0.628125 0.1375 0.18125
0 0.6859375 0.553125 0.10625 0.14921875
0 0.66328125 0.3703125 0.11875 0.153125
0 0.47734375 0.390625 0.08828125 0.13125
0 0.50703125 0.5109375 0.0890625 0.10546875
0 0.57890625 0.096875 0.06953125 0.109375
0 0.55 0.225 0.06640625 0.096875
0 0.64921875 0.24921875 0.0546875 0.0671875
0 0.58359375 0.67890625 0.0953125 0.0796875
0 0.34765625 0.49921875 0.0171875 0.0953125
0 0.5546875 0.32578125 0.07265625 0.0703125
0 0.48515625 0.30703125 0.06875 0.06796875
0 0.3515625 0.2125 0.025 0.053125
0 0.3875 0.1796875 0.02734375 0.0453125
0 0.40625 0.68203125 0.0375 0.0484375
0 0.4421875 0.6828125 0.03984375 0.05859375
0 0.43984375 0.63828125 0.04140625 0.03984375
0 0.16953125 0.859375 0.3390625 0.28125
0 0.7265625 0.828125 0.546875 0.21875