0 0.5234375 0.06484375 0.34375 0.1296875
0 0.2671875 0.0375 0.3 0.075
0 0.51015625 0.240625 0.3796875 0.26875
0 0.2828125 0.1390625 0.28515625 0.1890625
0 0.04296875 0.0703125 0.0859375 0.140625
0 0.1171875 0.359375 0.1875 0.1
0 0.64296875 0.35703125 0.1140625 0.1046875
0 0.7171875 0.14140625 0.034375 0.1265625
0 0.7515625 0.3734375 0.0875 0.071875
0 0.94453125 0.259375 0.046875 0.05546875
0 0.93203125 0.05078125 0.04140625 0.0515625
0 0.17890625 0.59140625 0.2734375 0.3640625
0 0.90234375 0.7046875 0.1953125 0.590625