0 0.08515625 0.18984375 0.1703125 0.3796875
0 0.27109375 0.10390625 0.3359375 0.2078125
0 0.3953125 0.1578125 0.0875 0.315625
0 0.78671875 0.35390625 0.1234375 0.0515625
0 0.70546875 0.125 0.07265625 0.1140625
0 0.67578125 0.2578125 0.07421875 0.09921875
0 0.77421875 0.284375 0.053125 0.06640625
0 0.465625 0.240625 0.04296875 0.0546875
0 0.5078125 0.20625 0.03203125 0.053125
0 0.16640625 0.653125 0.1078125 0.23046875
0 0.32734375 0.68984375 0.2234375 0.6203125
0 0.7484375 0.64609375 0.503125 0.5328125