0 0.196875 0.2296875 0.378125 0.459375
0 0.4640625 0.24296875 0.13125 0.4328125
0 0.73046875 0.2296875 0.4015625 0.459375
0 0.0203125 0.6671875 0.040625 0.109375
0 0.1203125 0.675 0.15078125 0.11015625
0 0.2421875 0.54609375 0.134375 0.10390625
0 0.13125 0.4734375 0.0875 0.028125
0 0.4796875 0.58203125 0.1 0.1078125
0 0.5890625 0.78984375 0.11875 0.4203125
0 0.71796875 0.50078125 0.2703125 0.0828125
0 0.753125 0.6546875 0.23125 0.390625
0 0.7078125 0.8625 0.196875 0.275
0 0.92109375 0.82578125 0.1578125 0.3484375