0 0.09140625 0.35078125 0.1828125 0.1171875
0 0.54609375 0.26875 0.5140625 0.28125
0 0.81171875 0.1265625 0.3765625 0.253125
0 0.31484375 0.690625 0.0515625 0.109375
0 0.4203125 0.6984375 0.15078125 0.11015625
0 0.5421875 0.56953125 0.134375 0.10390625
0 0.53828125 0.4375 0.1078125 0.05625
0 0.43125 0.47421875 0.0875 0.07578125
0 0.44921875 0.434375 0.05703125 0.04921875
0 0.5828125 0.459375 0.06484375 0.0625
0 0.80234375 0.60625 0.14375 0.10859375
0 0.7984375 0.4328125 0.103125 0.046875
0 0.30546875 0.92421875 0.0328125 0.1109375