0 0.1984375 0.8953125 0.184375 0.209375
0 0.1890625 0.66171875 0.140625 0.18203125
0 0.421875 0.66640625 0.13515625 0.18203125
0 0.6609375 0.78671875 0.11484375 0.13515625
0 0.7578125 0.68203125 0.078125 0.10390625
0 0.70859375 0.521875 0.09921875 0.15859375
0 0.6015625 0.48984375 0.10390625 0.14609375
0 0.453125 0.328125 0.10390625 0.17734375
0 0.2515625 0.196875 0.1328125 0.18984375
0 0.146875 0.16171875 0.109375 0.17421875
0 0.9609375 0.3828125 0.078125 0.10546875
0 0.3203125 0.42265625 0.05 0.06640625
0 0.8375 0.1046875 0.07265625 0.0953125
0 0.6546875 0.60546875 0.11953125 0.10625
0 0.80078125 0.49453125 0.0796875 0.125
0 0.58671875 0.37890625 0.0765625 0.08359375
0 0.453125 0.1421875 0.06796875 0.09375