0 0.1421875 0.4828125 0.140625 0.153125
0 0.37421875 0.48515625 0.1359375 0.1484375
0 0.63515625 0.35703125 0.0484375 0.1578125
0 0.5546875 0.32578125 0.10390625 0.14609375
0 0.40625 0.1640625 0.10390625 0.17734375
0 0.20390625 0.06328125 0.1328125 0.1265625
0 0.1 0.0421875 0.109375 0.084375
0 0.2734375 0.25859375 0.05 0.06640625
0 0.603125 0.440625 0.1125 0.10625
0 0.53984375 0.21484375 0.0765625 0.08359375
0 0.40546875 0.0125 0.0671875 0.025
0 0.83046875 0.2796875 0.3390625 0.559375
0 0.171875 0.74296875 0.175 0.2265625
0 0.46875 0.61171875 0.18125 0.1046875
0 0.8296875 0.7796875 0.340625 0.440625