0 0.21953125 0.2296875 0.4390625 0.459375
0 0.82578125 0.17265625 0.18984375 0.2875
0 0.95390625 0.30859375 0.0921875 0.3015625
0 0.9015625 0.41328125 0.171875 0.0921875
0 0.20546875 0.57578125 0.4109375 0.2328125
0 0.1265625 0.734375 0.253125 0.259375
0 0.72734375 0.8328125 0.1375 0.2046875
0 0.575 0.7453125 0.10625 0.14921875
0 0.55234375 0.5625 0.11875 0.153125
0 0.53828125 0.4671875 0.0546875 0.015625
0 0.50859375 0.97421875 0.1015625 0.0515625
0 0.4796875 0.89453125 0.08125 0.1265625
0 0.459375 0.51796875 0.040625 0.0703125