0 0.215625 0.225 0.36953125 0.31015625
0 0.2171875 0.4984375 0.359375 0.221875
0 0.44140625 0.42265625 0.1546875 0.3484375
0 0.0375 0.38359375 0.075 0.3203125
0 0.68515625 0.140625 0.06640625 0.17421875
0 0.84765625 0.2625 0.06796875 0.15390625
0 0.71796875 0.51796875 0.1640625 0.1828125
0 0.31328125 0.98359375 0.0828125 0.0328125
0 0.446875 0.98046875 0.0875 0.0390625
0 0.43671875 0.6640625 0.0984375 0.109375
0 0.80546875 0.803125 0.2015625 0.3875
0 0.66015625 0.73671875 0.1390625 0.2546875
0 0.94296875 0.69765625 0.1140625 0.1765625