0 0.175 0.2484375 0.2421875 0.1640625
0 0.1921875 0.07109375 0.221875 0.1421875
0 0.31796875 0.38515625 0.2015625 0.1546875
0 0.26015625 0.51015625 0.2421875 0.1171875
0 0.065625 0.53125 0.13125 0.075
0 0.0359375 0.3140625 0.071875 0.178125
0 0.378125 0.50546875 0.08125 0.1265625
0 0.359375 0.09609375 0.11875 0.1640625
0 0.10625 0.4359375 0.18984375 0.13828125
0 0.56015625 0.44609375 0.0734375 0.140625
0 0.61953125 0.3796875 0.06484375 0.07578125
0 0.496875 0.4234375 0.0734375 0.10703125
0 0.8015625 0.278125 0.03671875 0.1015625
0 0.88203125 0.4890625 0.0765625 0.06484375
0 0.6953125 0.43125 0.0515625 0.1015625
0 0.240625 0.78359375 0.35625 0.4296875
0 0.709375 0.79453125 0.58125 0.4109375