0 0.225 0.05546875 0.128125 0.1109375
0 0.0765625 0.0640625 0.153125 0.128125
0 0.1046875 0.2171875 0.209375 0.15625
0 0.2484375 0.1828125 0.08125 0.15625
0 0.61796875 0.25859375 0.6453125 0.3609375
0 0.14453125 0.71953125 0.2890625 0.5609375
0 0.57890625 0.64765625 0.30234375 0.23203125
0 0.62109375 0.50234375 0.3203125 0.1265625
0 0.8125 0.7078125 0.22421875 0.21328125
0 0.80078125 0.88984375 0.19296875 0.15859375
0 0.5703125 0.93828125 0.265625 0.1234375
0 0.43203125 0.78984375 0.25234375 0.19296875