0 0.15 0.3 0.3 0.6
0 0.790625 0.490625 0.140625 0.21875
0 0.9671875 0.29453125 0.065625 0.2046875
0 0.74296875 0.03515625 0.1109375 0.0703125
0 0.51328125 0.53046875 0.1109375 0.1390625
0 0.59453125 0.34375 0.1234375 0.23125
0 0.89765625 0.35234375 0.09453125 0.2
0 0.4859375 0.3609375 0.115625 0.225
0 0.68125 0.36328125 0.08359375 0.1859375
0 0.52890625 0.07265625 0.103125 0.10703125
0 0.4890625 0.1609375 0.0734375 0.1703125
0 0.98203125 0.43984375 0.0359375 0.1859375
0 0.82578125 0.2078125 0.13515625 0.2078125
0 0.82734375 0.05625 0.1203125 0.1125
0 0.7453125 0.125 0.1 0.1484375
0 0.6265625 0.06640625 0.09375 0.1328125
0 0.39921875 0.12265625 0.0625 0.14140625
0 0.61953125 0.8 0.6109375 0.4