0 0.26796875 0.16796875 0.25 0.1953125
0 0.55625 0.2671875 0.2421875 0.1640625
0 0.903125 0.31328125 0.19375 0.1734375
0 0.57421875 0.08828125 0.22109375 0.14609375
0 0.70546875 0.4046875 0.21328125 0.15390625
0 0.6421875 0.5640625 0.2421875 0.18515625
0 0.3828125 0.59375 0.26015625 0.16171875
0 0.08828125 0.425 0.1765625 0.20625
0 0.321875 0.33359375 0.26328125 0.17734375
0 0.2578125 0.490625 0.22421875 0.16953125
0 0.19296875 0.68984375 0.20859375 0.20859375
0 0.44375 0.76328125 0.25234375 0.15625
0 0.67578125 0.72890625 0.21640625 0.15625
0 0.90234375 0.71640625 0.1953125 0.18203125
0 0.82421875 0.546875 0.2109375 0.171875
0 0.78359375 0.115625 0.203125 0.1640625
0 0.88515625 0.9125 0.2296875 0.175
0 0.4875 0.4546875 0.18984375 0.13828125