0 0.51484375 0.1578125 0.0703125 0.315625
0 0.34140625 0.1390625 0.3203125 0.278125
0 0.0890625 0.1453125 0.178125 0.290625
0 0.22578125 0.39296875 0.3265625 0.3328125
0 0.8984375 0.11796875 0.203125 0.2359375
0 0.97734375 0.2359375 0.0453125 0.275
0 0.83359375 0.25234375 0.196875 0.246875
0 0.6765625 0.53984375 0.128125 0.0390625
0 0.56484375 0.27578125 0.0296875 0.0828125
0 0.6046875 0.2125 0.06015625 0.05859375
0 0.80859375 0.03671875 0.1484375 0.0734375
0 0.2625 0.70625 0.525 0.29375
0 0.2015625 0.92109375 0.403125 0.1578125
0 0.79921875 0.653125 0.4015625 0.1875