0 0.20078125 0.35 0.3765625 0.7
0 0.53515625 0.4 0.1734375 0.24375
0 0.4109375 0.509375 0.04375 0.196875
0 0.671875 0.0703125 0.140625 0.140625
0 0.4015625 0.0828125 0.025 0.165625
0 0.8046875 0.11953125 0.11875 0.20234375
0 0.59296875 0.19375 0.109375 0.1859375
0 0.48359375 0.2375 0.109375 0.1421875
0 0.83984375 0.28515625 0.1328125 0.2140625
0 0.4109375 0.28828125 0.04375 0.2359375
0 0.696875 0.3078125 0.14296875 0.24140625
0 0.165625 0.85 0.33125 0.3
0 0.83984375 0.84453125 0.3203125 0.2890625