0 0.284375 0.25234375 0.56875 0.5046875
0 0.5984375 0.21171875 0.059375 0.1046875
0 0.59296875 0.45703125 0.0484375 0.0984375
0 0.64375 0.459375 0.053125 0.1
0 0.74453125 0.01953125 0.0796875 0.0390625
0 0.1484375 0.525 0.05625 0.03125
0 0.340625 0.625 0.215625 0.23125
0 0.2640625 0.74921875 0.13515625 0.21796875
0 0.03125 0.896875 0.0625 0.1625
0 0.1421875 0.9109375 0.0421875 0.07421875
0 0.64453125 0.75859375 0.1515625 0.3109375
0 0.70390625 0.9546875 0.1046875 0.090625
0 0.82109375 0.91640625 0.12265625 0.1546875