0 0.26484375 0.26171875 0.5296875 0.4359375
0 0.76484375 0.22265625 0.4703125 0.4453125
0 0.4171875 0.5953125 0.096875 0.23125
0 0.1578125 0.6375 0.15234375 0.26015625
0 0.31640625 0.6578125 0.14296875 0.19609375
0 0.51015625 0.7296875 0.0390625 0.315625
0 0.87578125 0.52890625 0.1578125 0.0984375
0 0.5859375 0.53515625 0.1125 0.1109375
0 0.7 0.69296875 0.14453125 0.1109375
0 0.890625 0.73359375 0.175 0.09296875
0 0.9578125 0.50390625 0.084375 0.0484375
0 0.659375 0.78984375 0.13671875 0.0859375
0 0.57890625 0.72578125 0.0984375 0.0765625