0 0.275 0.21171875 0.36875 0.3359375
0 0.11875 0.4515625 0.2375 0.14375
0 0.41328125 0.48828125 0.0921875 0.1734375
0 0.26640625 0.5796875 0.21328125 0.15390625
0 0.203125 0.7390625 0.2421875 0.18515625
0 0.03671875 0.76796875 0.0734375 0.1609375
0 0.06484375 0.9296875 0.1296875 0.140625
0 0.23671875 0.90390625 0.21640625 0.15625
0 0.4125 0.890625 0.09375 0.18125
0 0.36953125 0.721875 0.1796875 0.171875
0 0.07109375 0.62890625 0.1421875 0.1390625
0 0.90703125 0.73515625 0.1859375 0.5015625
0 0.72421875 0.79453125 0.2421875 0.4109375