0 0.27578125 0.29765625 0.4484375 0.3046875
0 0.54453125 0.153125 0.0890625 0.30625
0 0.61015625 0.3375 0.1671875 0.225
0 0.85078125 0.3453125 0.2984375 0.209375
0 0.6765625 0.16015625 0.21796875 0.21875
0 0.871875 0.090625 0.203125 0.18125
0 0.8359375 0.21171875 0.26875 0.22421875
0 0.05859375 0.8203125 0.1171875 0.24375
0 0.1671875 0.50546875 0.140625 0.1109375
0 0.3 0.5453125 0.11875 0.190625
0 0.08828125 0.6140625 0.109375 0.1859375
0 0.01640625 0.65703125 0.0328125 0.1421875
0 0.33515625 0.70546875 0.1328125 0.2140625
0 0.1921875 0.728125 0.14296875 0.24140625
0 0.64609375 0.784375 0.2921875 0.43125
0 0.85 0.790625 0.3 0.41875