0 0.2046875 0.19453125 0.409375 0.3890625
0 0.95078125 0.3125 0.0984375 0.153125
0 0.71015625 0.05703125 0.1109375 0.1140625
0 0.56171875 0.33046875 0.1234375 0.1171875
0 0.8640625 0.3421875 0.09375 0.09375
0 0.5390625 0.03515625 0.11875 0.0703125
0 0.46015625 0.340625 0.1015625 0.096875
0 0.64765625 0.3515625 0.0828125 0.075
0 0.49609375 0.11640625 0.103125 0.10703125
0 0.45625 0.2046875 0.0734375 0.1703125
0 0.79296875 0.2515625 0.13515625 0.2078125
0 0.79453125 0.078125 0.1203125 0.15625
0 0.7125 0.16875 0.1 0.1484375
0 0.59375 0.08828125 0.09375 0.1765625
0 0.2046875 0.66640625 0.409375 0.5546875
0 0.7046875 0.73046875 0.590625 0.5390625