0 0.225 0.175 0.45 0.35
0 0.49609375 0.1578125 0.0921875 0.18125
0 0.6875 0.16796875 0.06484375 0.17421875
0 0.828125 0.25234375 0.06328125 0.13515625
0 0.021875 0.878125 0.04375 0.2
0 0.09140625 0.80625 0.08984375 0.15234375
0 0.3046875 0.89609375 0.125 0.2078125
0 0.40859375 0.8015625 0.0828125 0.240625
0 0.415625 0.95078125 0.06875 0.0984375
0 0.309375 0.5125 0.13359375 0.21171875
0 0.31015625 0.696875 0.134375 0.17578125
0 0.23359375 0.7234375 0.075 0.15078125
0 0.2125 0.91484375 0.09375 0.1703125
0 0.6015625 0.790625 0.303125 0.41875