0 0.25 0.33203125 0.459375 0.5359375
0 0.61484375 0.36015625 0.2703125 0.4796875
0 0.86015625 0.34609375 0.2796875 0.5078125
0 0.1109375 0.7234375 0.1578125 0.10859375
0 0.3765625 0.8875 0.1421875 0.10859375
0 0.125 0.93203125 0.175 0.09296875
0 0.14140625 0.61640625 0.1609375 0.0328125
0 0.2265625 0.66953125 0.153125 0.11640625
0 0.87734375 0.84296875 0.17421875 0.22421875
0 0.534375 0.89765625 0.109375 0.2046875
0 0.675 0.91796875 0.203125 0.1640625
0 0.86796875 0.9609375 0.1734375 0.078125
0 0.82890625 0.6515625 0.1734375 0.103125
0 0.5875 0.6875 0.184375 0.175
0 0.94375 0.69375 0.1125 0.1875
0 0.65859375 0.725 0.20390625 0.196875