0 0.16484375 0.23046875 0.3296875 0.2171875
0 0.93671875 0.2390625 0.1265625 0.2
0 0.46015625 0.296875 0.0984375 0.084375
0 0.36640625 0.29375 0.0734375 0.090625
0 0.534375 0.0609375 0.0640625 0.0796875
0 0.62578125 0.08828125 0.0796875 0.09453125
0 0.3203125 0.76171875 0.01875 0.1328125
0 0.9140625 0.6265625 0.171875 0.2375
0 0.39921875 0.62890625 0.1390625 0.1484375
0 0.54453125 0.7 0.1796875 0.21875
0 0.42734375 0.8359375 0.1953125 0.271875
0 0.3984375 0.95 0.1375 0.1
0 0.9703125 0.3984375 0.059375 0.096875
0 0.94609375 0.48828125 0.1078125 0.1171875
0 0.35625 0.51953125 0.053125 0.1109375
0 0.8 0.52109375 0.171875 0.23046875
0 0.47890625 0.52578125 0.1640625 0.13125