0 0.4203125 0.2609375 0.296875 0.521875
0 0.78984375 0.23359375 0.16171875 0.1953125
0 0.83203125 0.05 0.1390625 0.1
0 0.94296875 0.121875 0.1140625 0.209375
0 0.58359375 0.4328125 0.0296875 0.196875
0 0.665625 0.525 0.140625 0.05
0 0.86171875 0.4578125 0.1671875 0.184375
0 0.703125 0.46640625 0.1375 0.1671875
0 0.96328125 0.35859375 0.0734375 0.1703125
0 0.48359375 0.69609375 0.1703125 0.2921875
0 0.325 0.6171875 0.25 0.134375
0 0.19296875 0.73515625 0.203125 0.25234375
0 0.134375 0.925 0.228125 0.15
0 0.359375 0.88515625 0.203125 0.2296875
0 0.784375 0.7671875 0.43125 0.434375