0 0.5484375 0.36640625 0.065625 0.1609375
0 0.778125 0.37890625 0.1 0.175
0 0.47578125 0.38046875 0.0828125 0.11640625
0 0.26796875 0.39453125 0.0515625 0.11640625
0 0.91953125 0.4109375 0.0546875 0.14453125
0 0.8515625 0.459375 0.084375 0.203125
0 0.58125 0.0484375 0.06875 0.096875
0 0.4078125 0.4765625 0.06875 0.14140625
0 0.203125 0.5328125 0.04140625 0.1234375
0 0.11484375 0.559375 0.0859375 0.1859375
0 0.86875 0.66796875 0.084375 0.15859375
0 0.58515625 0.671875 0.0984375 0.178125
0 0.065625 0.7125 0.075 0.14140625
0 0.14375 0.7234375 0.071875 0.103125
0 0.35546875 0.74453125 0.0828125 0.1390625
0 0.85703125 0.765625 0.0640625 0.0859375
0 0.41484375 0.86640625 0.0796875 0.13359375
0 0.46875 0.10546875 0.075 0.171875