0 0.26875 0.30625 0.271875 0.325
0 0.9 0.39296875 0.2 0.1515625
0 0.8953125 0.078125 0.209375 0.15625
0 0.84296875 0.16328125 0.20390625 0.20078125
0 0.5609375 0.03125 0.0875 0.0625
0 0.725 0.4375 0.0625 0.0625
0 0.06875 0.784375 0.1171875 0.2015625
0 0.3859375 0.81875 0.128125 0.2296875
0 0.1796875 0.71484375 0.1 0.15078125
0 0.478125 0.71875 0.0625 0.25
0 0.2 0.9703125 0.134375 0.059375
0 0.4859375 0.909375 0.046875 0.18125
0 0.3203125 0.98046875 0.09375 0.0390625
0 0.39453125 0.50078125 0.1296875 0.0640625
0 0.38984375 0.60859375 0.14609375 0.190625
0 0.32265625 0.634375 0.08515625 0.1421875
0 0.296875 0.83359375 0.09296875 0.1921875
0 0.7546875 0.734375 0.490625 0.53125