0 0.23125 0.01640625 0.0875 0.0328125
0 0.26171875 0.046875 0.0796875 0.09375
0 0.22890625 0.20625 0.0765625 0.16640625
0 0.33125 0.40390625 0.075 0.0296875
0 0.684375 0.1984375 0.63125 0.396875
0 0.17265625 0.75234375 0.12421875 0.228125
0 0.30078125 0.64765625 0.13125 0.240625
0 0.02890625 0.9359375 0.0578125 0.128125
0 0.30859375 0.85859375 0.1203125 0.2234375
0 0.1125 0.94375 0.090625 0.1125
0 0.17578125 0.440625 0.1328125 0.04375
0 0.17734375 0.5421875 0.134375 0.17578125
0 0.10078125 0.56875 0.075 0.15078125
0 0.08046875 0.76875 0.09375 0.1875
0 0.33359375 0.47109375 0.0703125 0.1046875
0 0.7875 0.50078125 0.425 0.1640625
0 0.5359375 0.8734375 0.334375 0.253125