0 0.3484375 0.22421875 0.065625 0.1609375
0 0.27578125 0.23828125 0.0828125 0.11640625
0 0.06796875 0.25234375 0.0515625 0.11640625
0 0.2078125 0.334375 0.06875 0.14140625
0 0.01171875 0.38984375 0.0234375 0.1234375
0 0.38515625 0.5296875 0.0984375 0.178125
0 0.15546875 0.58125 0.0828125 0.096875
0 0.26875 0.02421875 0.075 0.0484375
0 0.75 0.33671875 0.271875 0.38359375
0 0.93203125 0.4328125 0.1359375 0.39375
0 0.22734375 0.81484375 0.4546875 0.3703125
0 0.89140625 0.9 0.0828125 0.10234375
0 0.83515625 0.89921875 0.0671875 0.11640625