0 0.125 0.309375 0.25 0.61875
0 0.440625 0.25390625 0.3359375 0.2203125
0 0.73984375 0.01640625 0.2296875 0.0328125
0 0.4640625 0.50859375 0.24609375 0.1390625
0 0.4578125 0.59375 0.28125 0.05
0 0.74296875 0.540625 0.171875 0.140625
0 0.8234375 0.5875 0.140625 0.0625
0 0.96875 0.4875 0.0625 0.15
0 0.92109375 0.603125 0.1171875 0.03125
0 0.55625 0.0578125 0.171875 0.115625
0 0.9328125 0.0640625 0.125 0.128125
0 0.29453125 0.55 0.0890625 0.11875
0 0.125 0.85078125 0.25 0.2984375
0 0.72578125 0.6515625 0.0921875 0.065625
0 0.43125 0.665625 0.065625 0.09375
0 0.62421875 0.675 0.0796875 0.1125
0 0.71796875 0.7625 0.0515625 0.1109375
0 0.66640625 0.8234375 0.0734375 0.1609375
0 0.615625 0.8671875 0.0625 0.14140625
0 0.79765625 0.91015625 0.0796875 0.14453125