0 0.25390625 0.20546875 0.4703125 0.2484375
0 0.66640625 0.1140625 0.3140625 0.228125
0 0.87265625 0.2078125 0.2546875 0.24375
0 0.546875 0.2234375 0.115625 0.2125
0 0.11875 0.8078125 0.2375 0.384375
0 0.38125 0.7015625 0.215625 0.31875
0 0.2703125 0.41796875 0.228125 0.1765625
0 0.70625 0.93359375 0.128125 0.1328125
0 0.51953125 0.878125 0.0609375 0.15
0 0.84140625 0.87890625 0.1484375 0.2421875
0 0.55625 0.36953125 0.134375 0.0796875
0 0.69453125 0.365625 0.1140625 0.071875
0 0.92421875 0.44375 0.1046875 0.17578125
0 0.715625 0.58671875 0.12890625 0.2203125
0 0.71015625 0.77265625 0.14609375 0.190625
0 0.64296875 0.7984375 0.08515625 0.1421875
0 0.61640625 0.95078125 0.0921875 0.0984375
0 0.9015625 0.67265625 0.1046875 0.1875
0 0.93046875 0.9859375 0.0671875 0.028125
0 0.9375 0.3484375 0.059375 0.0375
0 0.92890625 0.5703125 0.0984375 0.1515625