0 0.19453125 0.3046875 0.3890625 0.609375
0 0.84140625 0.21484375 0.11796875 0.1953125
0 0.85546875 0.575 0.1265625 0.06875
0 0.8078125 0.06484375 0.134375 0.1296875
0 0.6015625 0.31875 0.11015625 0.2015625
0 0.6828125 0.53046875 0.134375 0.1578125
0 0.6859375 0.3578125 0.12109375 0.20703125
0 0.603125 0.4734375 0.1 0.1484375
0 0.62421875 0.02421875 0.0921875 0.0484375
0 0.03203125 0.75390625 0.0640625 0.2890625
0 0.08515625 0.90859375 0.1671875 0.1828125
0 0.33828125 0.91640625 0.3234375 0.1671875
0 0.1515625 0.75234375 0.21796875 0.21875
0 0.346875 0.69140625 0.203125 0.1640625
0 0.3109375 0.80390625 0.26875 0.22421875
0 0.4796875 0.878125 0.078125 0.24375
0 0.759375 0.8046875 0.48125 0.390625