0 0.12421875 0.2296875 0.2484375 0.459375
0 0.61875 0.1734375 0.0375 0.18125
0 0.809375 0.29453125 0.11484375 0.13515625
0 0.90625 0.18984375 0.078125 0.10390625
0 0.85625 0.05390625 0.1 0.1078125
0 0.74921875 0.03515625 0.1046875 0.0703125
0 0.803125 0.11328125 0.11953125 0.10625
0 0.94921875 0.03203125 0.0796875 0.0640625
0 0.1234375 0.9515625 0.1125 0.096875
0 0.19765625 0.9546875 0.1078125 0.090625
0 0.29765625 0.92734375 0.1140625 0.1453125
0 0.56796875 0.76796875 0.0640625 0.1515625
0 0.4078125 0.9625 0.084375 0.075
0 0.7703125 0.796875 0.340625 0.3125