0 0.16328125 0.3484375 0.3265625 0.48125
0 0.678125 0.04765625 0.065625 0.0953125
0 0.9078125 0.05703125 0.1 0.1140625
0 0.60546875 0.04296875 0.0828125 0.0859375
0 0.96953125 0.1078125 0.0609375 0.203125
0 0.5375 0.125 0.06875 0.14140625
0 0.978125 0.315625 0.04375 0.159375
0 0.71484375 0.3203125 0.0984375 0.178125
0 0.49296875 0.39296875 0.0671875 0.1390625
0 0.97734375 0.41328125 0.0453125 0.0859375
0 0.54453125 0.51484375 0.0796875 0.13359375
0 0.315625 0.6609375 0.2875 0.14375
0 0.78515625 0.8703125 0.4296875 0.259375
0 0.84140625 0.6828125 0.2953125 0.1875
0 0.571875 0.7390625 0.225 0.3