0 0.18984375 0.2609375 0.3796875 0.521875
0 0.578125 0.09375 0.115625 0.1875
0 0.44140625 0.14375 0.1234375 0.228125
0 0.096875 0.66953125 0.19375 0.1203125
0 0.5765625 0.67109375 0.134375 0.1234375
0 0.55546875 0.8140625 0.13125 0.21484375
0 0.45703125 0.79921875 0.10546875 0.20390625
0 0.86328125 0.91875 0.1328125 0.1625
0 0.6921875 0.715625 0.109375 0.2125
0 0.784375 0.73515625 0.08671875 0.19375
0 0.97421875 0.70390625 0.0515625 0.1890625
0 0.90703125 0.65703125 0.0734375 0.0953125
0 0.74296875 0.92890625 0.0828125 0.1421875