0 0.24453125 0.2765625 0.4890625 0.246875
0 0.715625 0.2 0.453125 0.4
0 0.24453125 0.69140625 0.4890625 0.4890625
0 0.86953125 0.59296875 0.11796875 0.1953125
0 0.88359375 0.959375 0.1265625 0.08125
0 0.8359375 0.45390625 0.134375 0.1078125
0 0.6296875 0.696875 0.11015625 0.2015625
0 0.503125 0.64921875 0.028125 0.2078125
0 0.7109375 0.91484375 0.134375 0.1703125
0 0.7140625 0.7359375 0.12109375 0.20703125
0 0.63125 0.8515625 0.1 0.1484375
0 0.52421875 0.76640625 0.0703125 0.1859375
0 0.65234375 0.41328125 0.0921875 0.0265625