0 0.2296875 0.24453125 0.459375 0.4890625
0 0.48671875 0.29140625 0.0546875 0.3171875
0 0.78984375 0.0390625 0.2609375 0.078125
0 0.95703125 0.31015625 0.0859375 0.3578125
0 0.81484375 0.396875 0.2390625 0.184375
0 0.63984375 0.196875 0.2609375 0.3453125
0 0.91015625 0.10234375 0.1796875 0.2046875
0 0.23359375 0.70390625 0.4515625 0.4296875
0 0.9 0.575 0.2 0.171875
0 0.6171875 0.74609375 0.2953125 0.253125
0 0.4796875 0.92265625 0.040625 0.1546875
0 0.89140625 0.90703125 0.10078125 0.10234375
0 0.96171875 0.903125 0.0765625 0.146875