1 0.62421875 0.8203125 0.1984375 0.1875
1 0.946875 0.77734375 0.10625 0.1640625
1 0.16015625 0.796875 0.1296875 0.215625
1 0.10546875 0.5375 0.1421875 0.175
1 0.328125 0.77890625 0.1125 0.1921875
1 0.446875 0.78984375 0.0875 0.121875
1 0.50234375 0.74140625 0.121875 0.1625
1 0.68359375 0.6703125 0.1609375 0.190625
1 0.834375 0.2296875 0.16875 0.121875
1 0.8484375 0.15234375 0.115625 0.1140625
1 0.34609375 0.20546875 0.125 0.121875
1 0.2078125 0.2921875 0.121875 0.146875
1 0.18203125 0.1609375 0.1 0.115625
1 0.47578125 0.51640625 0.1359375 0.184375
1 0.30390625 0.49140625 0.1390625 0.23125
1 0.68671875 0.2578125 0.1171875 0.16875
1 0.5921875 0.2421875 0.134375 0.134375
1 0.66328125 0.39765625 0.1640625 0.1078125
1 0.865625 0.3875 0.125 0.06875
1 0.93359375 0.47109375 0.1328125 0.1640625
1 0.83359375 0.51328125 0.10625 0.125
1 0.9296875 0.61640625 0.140625 0.1765625
1 0.44765625 0.1609375 0.1125 0.134375
1 0.05390625 0.23671875 0.1046875 0.1453125
1 0.82734375 0.0625 0.3453125 0.125
1 0.43671875 0.05 0.3875 0.1
1 0.10234375 0.0375 0.2015625 0.075
1 0.06328125 0.09921875 0.0734375 0.121875