1 0.8203125 0.37578125 0.1875 0.1984375
1 0.77734375 0.053125 0.1640625 0.10625
1 0.796875 0.83984375 0.215625 0.1296875
1 0.5375 0.89453125 0.175 0.1421875
1 0.77890625 0.671875 0.1921875 0.1125
1 0.78984375 0.553125 0.121875 0.0875
1 0.74140625 0.49765625 0.1625 0.121875
1 0.6703125 0.31640625 0.190625 0.1609375
1 0.2296875 0.165625 0.121875 0.16875
1 0.15234375 0.1515625 0.1140625 0.115625
1 0.20546875 0.65390625 0.121875 0.125
1 0.2921875 0.7921875 0.146875 0.121875
1 0.1609375 0.81796875 0.115625 0.1
1 0.51640625 0.52421875 0.184375 0.1359375
1 0.49140625 0.69609375 0.23125 0.1390625
1 0.2578125 0.31328125 0.16875 0.1171875
1 0.2421875 0.4078125 0.134375 0.134375
1 0.39765625 0.33671875 0.1078125 0.1640625
1 0.3875 0.134375 0.06875 0.125
1 0.47109375 0.06640625 0.1640625 0.1328125
1 0.51328125 0.16640625 0.125 0.10625
1 0.61640625 0.0703125 0.1765625 0.140625
1 0.1609375 0.55234375 0.134375 0.1125
1 0.23671875 0.94609375 0.1453125 0.1046875
1 0.0625 0.17265625 0.125 0.3453125
1 0.05 0.56328125 0.1 0.3875
1 0.0375 0.89765625 0.075 0.2015625
1 0.09921875 0.93671875 0.121875 0.0734375